----float----
range: 1.17549e-38 ~ 3.40282e+38
prec: 1.19209e-07
size: 4

----double----
range: 2.22507e-308 ~ 1.79769e+308
prec: 2.22045e-16
size: 8
----long double----
range: 3.3621e-4932 ~ 1.18973e+4932
prec: 1.0842e-19
size: 16
